Camera
b = 0.347981
g = 2.256489
r = 3.531195

Phone
b = 2.09
g = 2.30
r = 2.31